MED-Z
-3.4855127,-3.4413805,-3.3544722,-3.3341532,-3.2923555,-3.433691,-3.2751522,-3.4328775,-3.3502655,-3.2388554,-2.9700708,-2.6032228,-2.290532,-1.9011402,-1.4539957,-0.95855236,-0.45762825,0.08206844,0.8176203,1.4588003,2.0435238,2.381278,2.5884209,2.7053127,2.6247969,2.5395336,2.2044134,1.7072744,1.043211,0.49292564,0.18510342,-0.32510662,-1.0070658,-1.7348595,-2.1992702,-2.1620283,-1.8273344,-1.0973568,-0.13122654,1.31639,2.810382,4.000885,5.297057,6.708743,7.855485,8.282555,8.0725975,7.0179043,5.3507967,3.7370396,2.2361536,1.0838213,0.16130638,-0.95738125,-1.8085032,-2.199067,-2.0095625,-1.7391787,-1.3473425,-0.53159237,0.53013706,1.2907209,1.8140945,2.3213787,2.61026,2.6067066,2.5531702,2.475793,2.4864435,2.33531,2.2006998,2.0207253,1.8881445,1.767293,1.7581501,1.734704,1.7278976,1.7925138,1.8024788,1.6505985,1.4961414,1.3128948,1.1936398,0.91232395,0.5901537,0.36517715,0.12567425,-0.095020294,-0.27781677,-0.3940935,-0.54613686,-0.5721407,-0.62431526,-0.671772,-0.7073431,-0.6739559,-0.60012436,-0.5524998,-0.56924725,-0.5814562,-0.608201,-0.75900364,-0.76501083,-0.7021723,-0.8060055,-0.9100218,-1.1117496,-1.2946138,-1.5132875,-1.786828,-2.0177088,-2.2059078,-2.4252129,-2.7066689,-2.9504395,-3.0755959,-3.1629515,-3.2362785,-3.2408066,-3.3335285,-3.428812,-3.559904
MED-X
0.22700465,0.2581157,0.2065208,0.2252503,0.29861438,0.48474723,0.60081327,0.789648,0.8251013,0.8737328,0.8593394,0.86984265,0.8647574,0.84882444,0.76733243,0.5749737,0.549809,0.3371914,0.09349418,-0.17220724,-0.24832648,-0.28928035,-0.20899826,-0.04486382,0.15154535,0.46214086,0.8259394,1.246173,1.6782075,2.0484953,2.2924175,2.378037,2.346612,2.1348717,1.6684088,1.1429546,0.5570877,0.09065533,-0.43995857,-0.9110705,-1.3363258,-1.7881237,-2.2806134,-2.672792,-2.7565818,-2.3078592,-1.6937395,-1.0020623,-0.1192435,0.7588248,1.4262812,2.014724,2.3604355,2.596664,2.5021615,2.072544,1.5136747,0.8942253,0.45470822,-0.058831573,-0.4953559,-0.7155816,-0.93968344,-1.0692414,-1.0154414,-0.93243676,-0.879532,-0.820967,-0.8113436,-0.7031511,-0.6679032,-0.6608592,-0.6966546,-0.6565204,-0.62851,-0.59347814,-0.53927314,-0.57511944,-0.6605833,-0.6006077,-0.5831838,-0.5276589,-0.3960834,-0.26700008,-0.20475411,-0.21163058,-0.15657908,-0.14885455,-0.124154806,-0.10866606,-0.016773343,-0.017453432,-0.0633831,-0.15229183,-0.21512401,-0.28062546,-0.41796345,-0.43695593,-0.473314,-0.53202605,-0.62516063,-0.74079293,-0.7906499,-0.7766466,-0.7030121,-0.6096981,-0.460612,-0.357768,-0.21530229,-0.11642492,5.37E-04,0.1613875,0.21805125,0.20552051,0.073061705,-0.10843235,-0.15825105,-0.11918062,-0.11726451,0.011848092,0.07576281,0.14145923
MED-Y
-0.26610422,-0.336316,-0.3162329,-0.2932378,-0.25699875,-0.48763245,-0.45426235,0.074629456,-0.23301399,-0.18326935,-0.25437114,-0.31359166,-0.4018777,-0.5078928,-0.61317855,-0.7661174,-0.94095206,-1.105828,-1.3547888,-1.5106816,-1.7504967,-1.853331,-1.8925376,-1.955393,-1.9337906,-1.826021,-1.64713,-1.4712443,-1.2342417,-0.99903625,-0.8457049,-0.678585,-0.6520264,-0.62976366,-0.7795938,-0.96696866,-1.2319281,-1.5508987,-1.9030998,-2.2012713,-2.5529294,-2.9004123,-3.3236022,-3.6922758,-3.7371774,-3.6184063,-3.2428412,-2.692303,-2.0481503,-1.3516549,-0.6568531,-0.14528635,0.30980882,0.6443912,0.76744246,0.7204241,0.44432646,0.11322446,0.006318197,-0.20226538,-0.28108656,-0.37175438,-0.42261305,-0.4886555,-0.47694117,-0.43684888,-0.37259236,-0.33366796,-0.31729084,-0.23974317,-0.19836766,-0.17379597,-0.19443855,-0.09374565,-0.112051606,-0.028170437,0.05081591,0.06288159,0.079197645,0.16158408,0.29108512,0.4415161,0.6367046,0.8293109,0.9124463,0.98634744,1.0798364,1.2002792,1.2502906,1.2846681,1.3484602,1.363013,1.3875763,1.3385673,1.2589179,1.1764479,1.0694389,0.95404863,0.9061305,0.7945928,0.73098516,0.5628837,0.5330428,0.44890308,0.43911588,0.4541713,0.50644153,0.5345402,0.59599406,0.65785706,0.7036572,0.83101064,0.8614358,0.8113808,0.80925745,0.7144426,0.6456077,0.6693451,0.6858407,0.7452165,0.73838246,0.74918264
FAST-Z
-5.8990307,-5.4588013,-4.9536943,-4.3955374,-3.8033142,-3.2603073,-2.523798,-1.9553795,-1.4243536,-1.0474138,-0.6057625,-0.40162563,-0.5114708,-0.3215599,-0.06480312,0.14700031,0.31379414,0.58312035,0.6385412,0.696434,0.6211481,0.4744234,0.38947773,0.2592678,0.09325504,-0.0848093,-0.16306591,-0.25804234,-0.3840599,-0.4150257,-0.48177624,-0.6177139,-0.5706196,-0.6520815,-0.6337166,-0.5248852,-0.2587843,0.038651466,0.28654003,0.2896242,0.33322334,0.7101488,1.1303835,1.8676777,2.831936,4.0710335,5.259224,6.1822443,6.5017805,6.5741615,6.5681314,6.5907564,6.256485,5.869586,5.453787,4.8947563,4.63978,4.3702116,4.1288214,4.272643,4.5402803,4.8795223,4.7429924,4.2158155,3.78549,2.3690672,0.8270197,0.08756065,-0.5005274,-1.010848,-1.383769,-1.833313,-2.3928766,-2.9697618,-3.46165,-3.9945993,-4.5924635,-4.87922,-4.7306986
FAST-X
0.36067107,0.21559992,0.10894525,-0.049961448,-0.21874633,-0.33108073,-0.5013862,-0.63716143,-0.8003924,-0.9007983,-1.0456033,-1.294733,-1.5273559,-1.691646,-1.7023971,-1.612093,-1.4516653,-1.21844,-1.080879,-0.8814651,-0.71478343,-0.6379843,-0.5271528,-0.38486385,-0.24199983,-0.06290135,0.043056935,0.092301935,0.051046103,0.020868987,-0.003812581,0.11435744,0.2968359,0.613305,0.9578316,1.3816772,1.6765561,1.9167343,1.985387,2.017424,1.9736931,1.9006363,1.8900824,1.6222023,1.0748173,0.5670099,0.10469401,-0.3108294,-0.5002587,-0.4652075,-0.31190482,-0.11093128,0.16196594,0.18811482,0.38570803,0.10661951,0.061059773,-0.03251177,-0.15841615,-0.15079677,-0.27883387,-0.24251956,-0.1769908,-0.1985988,-0.14320946,0.093767345,0.07948172,0.3615191,0.31912512,0.47572762,0.7678193,0.93453306,1.1143312,1.2025774,1.3368746,1.4598331,1.5806141,1.5083125,1.5754633
FAST-Y
1.4013302,1.2639226,1.0913875,0.9041035,0.6367285,0.3690868,0.07167667,-0.07544723,-0.27256995,-0.50336796,-0.7275232,-1.0044968,-1.3008426,-1.5379696,-1.7611363,-1.9609288,-2.0826166,-2.1878135,-2.29752,-2.4040275,-2.5614533,-2.6830583,-2.8305998,-2.884358,-2.9106035,-2.9018135,-2.8672159,-2.8329105,-2.810975,-2.8303854,-2.7083476,-2.614029,-2.390422,-2.2939625,-2.0883453,-1.8987372,-1.676918,-1.5105832,-1.3355399,-1.1874309,-1.1664912,-1.1473755,-1.2050371,-1.2840829,-1.5079429,-1.8287901,-2.0409274,-2.0779324,-2.060558,-1.9972304,-1.9152194,-1.6183326,-1.3215543,-1.1095175,-0.9481638,-0.60625607,-0.5834319,-0.3901308,-0.31266114,-0.024038076,0.14600337,0.26762077,0.49042657,0.54343283,0.61767846,1.4382213,0.42467237,1.2630401,1.3545716,1.5460509,1.4214561,1.456883,1.4864386,1.5607479,1.6159598,1.6951753,1.7962309,1.8306998,1.8520849
SLOW-Z
-2.274413,-2.0894957,-1.8257532,-1.5901976,-1.4185715,-1.0967093,-0.9195919,-0.6208048,-0.057377815,0.51393414,1.3573589,2.0185757,2.561615,2.7244701,2.697095,2.5244808,2.0517092,1.5069208,0.8257694,0.26279736,-0.01996231,-0.33158588,-0.77921295,-1.4820261,-2.0904446,-2.6091433,-2.9404526,-2.9341888,-2.8089314,-2.5835772,-2.0937624,-1.4510498,-0.5100832,0.47713757,1.4963474,2.276207,3.5709734,5.1408978,6.3246565,6.888626,6.8655014,6.2832537,5.2626886,4.0318136,2.8569365,1.9165792,0.9562206,0.02098751,-0.682168,-0.7816887,-0.6196461,-0.47423363,-0.15744114,0.32381248,1.0721312,1.5070753,1.9496298,1.9451647,2.116786,2.1552734,2.1080742,2.1083975,1.889719,1.7993021,1.6659174,1.5799608,1.312973,1.0980005,0.74944687,0.37902927,0.060512543,-0.1155777,-0.18952179,-0.17784405,-0.044725418,0.026691437,0.08392525,0.0983839,0.21520138,0.29405117,0.49674416,0.62588215,0.79326725,1.0251379,1.1121073,1.0516119,1.0719872,0.897212,0.69605064,0.3446808,-0.05236149,-0.45466995,-0.69802,-0.7179489,-0.6427002,-0.7887354,-0.9540005,-0.9480858,-0.88503265,-0.8409405,-0.6944275,-0.59531784,-0.5222416,-0.48713303,-0.38054562,-0.38806248,-0.40271854,-0.3935938,-0.3678093,-0.4015255,-0.48290825,-0.6667671,-0.8199253,-0.9994602,-0.9887848,-1.0923462,-1.0341549,-1.0115767,-1.0675173,-0.9283428,-0.75806046,-0.75183296,-0.62659836,-0.62024784,-0.6020117,-0.61709213,-0.7726402,-0.9426708,-1.1986265,-1.3073473,-1.509058,-1.8110008,-2.1204586,-2.2398558,-2.4355211,-2.5813742,-2.858261,-3.0449896,-3.172432,-3.2072296,-3.234991,-3.2057323,-3.1384258,-2.8259287,-2.5940504,-2.3405485,-2.113021,-1.8424816,-1.3551159
SLOW-X
0.31583178,0.27719104,0.2767914,0.2123788,0.28379053,0.28422683,0.21598303,0.15499496,0.1323983,-0.025244951,-0.16292298,-0.25404733,-0.36976904,-0.4268841,-0.31598216,-0.11098206,0.094776034,0.3935333,0.5901009,0.8270115,1.1021644,1.2993248,1.5137347,1.7217193,1.8562921,1.8524758,1.8236604,1.6979253,1.4581305,1.3014469,1.0207593,0.5944243,0.21742672,-0.18149638,-0.5163509,-0.9098765,-1.1876357,-1.469258,-1.5459212,-1.5085827,-1.2372515,-0.7623346,-0.14329898,0.52409387,1.0840194,1.544603,1.730401,1.8309212,1.7082785,1.4401689,1.0807688,0.8703559,0.68285567,0.45194906,0.31162494,-0.022946239,-0.22063726,-0.34769934,-0.4395877,-0.44373143,-0.3600173,-0.4309752,-0.36146247,-0.31796867,-0.23394585,-0.16892916,-0.13256454,0.003550947,0.113377094,0.23972398,0.21591306,0.25360483,0.23871493,0.15698284,0.13456923,0.031074882,-0.046605885,-0.1009413,-0.31766242,-0.45423913,-0.55095655,-0.67170924,-0.72572154,-0.88880426,-0.95141786,-0.9942931,-0.91743267,-0.81591046,-0.7159621,-0.5393284,-0.49577552,-0.4024266,-0.38327724,-0.23379928,-0.21542448,-0.16402453,-0.17957824,-0.08359033,-0.09003347,-0.1108709,-0.19115055,-0.19980294,-0.2865541,-0.2943189,-0.42532176,-0.44886655,-0.53630304,-0.5022063,-0.47981632,-0.4787783,-0.44675767,-0.43623292,-0.39498794,-0.3704968,-0.25802445,-0.17172027,-0.11147207,-0.1415124,-0.06212467,-0.020753622,-0.01977688,-0.0354625,0.001346409,0.064587295,0.009102941,0.025208354,0.05824089,0.120072484,0.12239283,0.22443616,0.25731653,0.34239382,0.29406357,0.33125287,0.28302568,0.28753138,0.3042946,0.34493667,0.28767198,0.16764235,0.13198543,-0.031172216,-0.16007715,-0.3545915,-0.42909515,-0.5906225,-0.65375584,-0.7136557,-0.83457005
SLOW-Y
-0.1686269,-0.19955981,-0.29566273,-0.3194755,-0.38049397,-0.56460786,-0.5842309,-0.7772133,-0.8924528,-1.0925798,-1.3240207,-1.5497414,-1.7443099,-1.8199627,-1.9072416,-1.8580432,-1.7738271,-1.6532629,-1.4834985,-1.3320055,-1.1432419,-1.0260268,-0.83654743,-0.59285307,-0.4295676,-0.2939102,-0.22882475,-0.20615804,-0.27175295,-0.44092017,-0.61266375,-0.80278957,-1.0869181,-1.4693727,-1.7279973,-1.98104,-2.272583,-2.5400589,-2.7152314,-2.7330923,-2.5942578,-2.324519,-1.9373204,-1.4225125,-0.93235,-0.67465335,-0.25316143,-0.012763932,0.17291439,0.17904408,0.19706154,0.18066591,0.24755442,0.29171687,0.24992844,0.13285553,0.14934917,0.1066158,0.028422892,0.04331991,0.07795219,0.06839171,0.12201257,0.19872299,0.27249837,0.36489826,0.47858816,0.6235034,0.774016,0.9402281,1.0322573,1.090764,1.156245,1.245268,1.2907342,1.2565954,1.3209975,1.2338156,1.1539776,1.1143268,1.0763932,1.0065422,0.92827356,0.8674526,0.8452691,0.81173456,0.838356,0.9135028,0.9875164,1.0560323,1.0958647,1.1789086,1.188832,1.1565459,1.2009382,1.2341831,1.206372,1.2054391,1.2169251,1.2096658,1.1905296,1.0379226,0.9466944,0.87156135,0.8195931,0.7051195,0.7041855,0.62878716,0.55965304,0.51345944,0.5142021,0.4527649,0.39609376,0.39911944,0.3692397,0.29461297,0.27749443,0.3511911,0.29903203,0.24910352,0.27728355,0.20010498,0.16472426,0.13286814,0.104474634,0.15341157,0.13237077,0.1937849,0.22598639,0.31236452,0.3080909,0.3301136,0.35024896,0.34976774,0.32181966,0.34279567,0.31310856,0.26620102,0.29476517,0.23690702,0.08281626,-0.008317143,-0.16276939,-0.35237545,-0.53235,-0.68633235,-0.8455673,-1.0032765,-1.2122906